12 66 4 2 12 4 82 8 92 21 96 79 99 97 96 99 95 99 68 98 23 86 14 71 5 
8 88 2 4 30 5 47 19 85 28 96 86 99 99 82 95 29 
6 56 19 24 24 4 70 16 82 43 82 71 37 
6 47 7 10 22 3 37 34 68 89 44 79 8 
3 1 9 6 18 63 22 
3 32 36 26 54 66 91 
8 72 3 22 5 18 9 7 44 26 98 80 95 94 52 97 8 
11 50 11 28 16 8 21 1 57 9 69 11 71 34 93 49 96 74 99 99 87 79 18 
11 48 6 20 8 2 13 2 52 13 64 33 84 42 90 59 99 90 73 93 18 80 8 
10 69 3 9 3 2 22 8 81 13 99 59 94 86 89 96 85 96 59 93 27 
11 44 1 9 4 7 23 1 89 23 98 79 98 90 86 94 75 96 30 89 5 81 4 
11 47 1 27 3 4 7 3 57 3 93 49 97 91 90 98 80 98 30 96 19 93 4 
7 26 8 12 38 11 69 11 96 44 91 99 77 96 21 
4 55 1 2 29 1 78 96 94 
13 64 4 42 7 17 11 7 16 6 38 11 77 20 91 28 94 50 99 93 93 96 92 96 88 87 16 
12 37 4 14 7 4 76 41 96 44 67 44 67 53 93 85 98 89 97 98 89 98 58 91 10 
13 51 2 4 2 3 14 1 38 5 90 22 95 38 96 54 96 71 95 89 84 99 72 98 9 95 5 
15 6 2 3 34 5 71 7 96 17 98 36 78 35 75 35 75 54 96 67 96 96 94 99 75 95 34 86 17 71 3 
8 94 2 9 12 7 19 3 33 8 99 33 96 52 90 97 71 
10 90 6 37 6 13 19 10 23 1 51 12 77 27 90 48 97 81 87 93 53 
5 6 3 20 97 38 96 69 87 90 28 
6 80 9 35 17 21 64 14 94 61 90 96 83 
9 12 2 9 19 2 72 3 81 5 84 20 94 74 83 88 67 59 4 
7 23 3 13 3 2 91 18 91 89 90 91 52 88 14 
7 45 1 32 43 25 91 55 98 77 79 87 44 87 8 
9 36 1 22 3 1 82 9 97 68 99 92 95 94 75 81 38 68 17 
10 61 1 3 11 9 96 15 99 43 99 97 95 98 63 94 14 91 9 80 6 
8 67 2 14 2 5 12 1 89 24 98 75 99 98 97 99 11 
1 35 63 
1 57 90 
9 35 1 9 8 3 37 16 95 91 99 96 97 99 59 96 26 89 4 
12 45 2 29 2 6 4 3 9 2 91 26 97 60 95 76 91 83 89 96 56 94 13 81 4 
8 54 2 7 45 8 82 14 93 37 98 92 89 98 69 90 3 
10 7 2 5 68 19 81 38 96 89 95 98 94 95 34 72 7 52 5 27 3 
9 87 2 57 5 19 12 7 18 5 73 12 99 86 82 89 73 93 17 
10 71 4 34 4 5 26 2 68 11 98 73 98 92 86 96 79 94 28 88 7 
8 86 13 30 21 21 27 17 55 27 72 36 87 50 81 71 61 
5 43 19 27 27 4 58 98 97 97 23 
8 22 2 4 5 7 32 13 65 21 71 79 92 92 38 87 3 
5 4 6 12 55 51 84 96 35 91 9 
0 
