4 5 -1 -1 1 -1 1 1 -1 1
4 13 0 0 2 0 2 2 0 2
3 7 3 0 4 0 4 1

4 1 0 1 3 1 3 4 0 4
4 2 2 2 5 2 5 5 2 5
4 8 1 0 4 0 4 3 1 3

4 1 0 0 3 0 3 3 0 3
4 2 2 0 5 0 5 3 2 3
4 3 1 2 4 2 4 4 1 4

3 1 1 1 2 2 1 2
3 1 2 2 3 3 2 3
3 1 3 3 4 4 3 4

4 1 0 0 1 0 1 1 0 1
4 2 -1 -1 2 -1 2 2 -1 2
4 3 -2 -2 3 -2 3 3 -2 3

4 8 0 0 1 0 1 1 0 1
4 8 -1 -1 2 -1 2 2 -1 2
4 0 -2 -2 3 -2 3 3 -2 3

4 1 0 0 10 0 10 10 0 10
4 2 -1 -1 2 -1 2 2 -1 2
4 3 -2 -2 3 -2 3 3 -2 3
4 1 0 0 3 0 3 3 0 3
4 2 3 0 6 0 6 3 3 3
4 4 0 3 0 4 -1 4 -1 3

4 1 0 0 1 0 1 1 0 1
4 2 0 0 2 0 2 2 0 2
4 3 0 0 3 0 3 3 0 3
4 1 0 0 1 0 1 1 0 1
4 1 50 50 51 50 51 51 50 51
4 1 20 20 21 20 21 21 20 21

4 1 0 0 1 0 1 1 0 1
4 1 50 50 51 50 51 51 50 51
4 2 20 20 21 20 21 21 20 21

4 1 0 0 1 0 1 1 0 1
4 1 50 50 51 50 51 51 50 51
3 1 1 1 3 10 2 15

4 1 0 0 10 0 10 10 0 10
3 2 5 0 8 5 3 5
3 8 5 10 8 15 3 15
4 1 0 0 10 0 10 10 0 10
3 2 5 0 8 5 3 5
3 3 5 10 8 15 3 15

4 1 0 0 10 0 10 10 0 10
4 2 -1 1 11 1 11 9 -1 9
4 4 1 -1 9 -1 9 11 1 11
4 0 0 0 10 0 10 10 0 10
4 0 -1 1 11 1 11 9 -1 9
4 0 1 -1 9 -1 9 11 1 11

3 1 1 4 4 1 4 4
3 2 5 3 5 5 3 5
4 4 0 0 3 0 3 3 0 3
4 1 -10 -100 10 -100 10 100 -10 100 
4 1 -100 10 -100 -10 100 -10 100 10
3 0 -1000 -1000 -1000 -999 -1001 -1000

200 13 0 0 1 0 2 0 3 0 4 0 5 0 6 0 7 0 8 0 9 0 10 0 11 0 12 0 13 0 14 0 15 0 16 0 17 0 18 0 19 0 20 0 21 0 22 0 23 0 24 0 25 0 26 0 27 0 28 0 29 0 30 0 31 0 32 0 33 0 34 0 35 0 36 0 37 0 38 0 39 0 40 0 41 0 42 0 43 0 44 0 45 0 46 0 47 0 48 0 49 0 50 0 50 1 50 2 50 3 50 4 50 5 50 6 50 7 50 8 50 9 50 10 50 11 50 12 50 13 50 14 50 15 50 16 50 17 50 18 50 19 50 20 50 21 50 22 50 23 50 24 50 25 50 26 50 27 50 28 50 29 50 30 50 31 50 32 50 33 50 34 50 35 50 36 50 37 50 38 50 39 50 40 50 41 50 42 50 43 50 44 50 45 50 46 50 47 50 48 50 49 50 50 49 50 48 50 47 50 46 50 45 50 44 50 43 50 42 50 41 50 40 50 39 50 38 50 37 50 36 50 35 50 34 50 33 50 32 50 31 50 30 50 29 50 28 50 27 50 26 50 25 50 24 50 23 50 22 50 21 50 20 50 19 50 18 50 17 50 16 50 15 50 14 50 13 50 12 50 11 50 10 50 9 50 8 50 7 50 6 50 5 50 4 50 3 50 2 50 1 50 0 50 0 49 0 48 0 47 0 46 0 45 0 44 0 43 0 42 0 41 0 40 0 39 0 38 0 37 0 36 0 35 0 34 0 33 0 32 0 31 0 30 0 29 0 28 0 27 0 26 0 25 0 24 0 23 0 22 0 21 0 20 0 19 0 18 0 17 0 16 0 15 0 14 0 13 0 12 0 11 0 10 0 9 0 8 0 7 0 6 0 5 0 4 0 3 0 2 0 1 
200 6 1 0 2 0 3 0 4 0 5 0 6 0 7 0 8 0 9 0 10 0 11 0 12 0 13 0 14 0 15 0 16 0 17 0 18 0 19 0 20 0 21 0 22 0 23 0 24 0 25 0 26 0 27 0 28 0 29 0 30 0 31 0 32 0 33 0 34 0 35 0 36 0 37 0 38 0 39 0 40 0 41 0 42 0 43 0 44 0 45 0 46 0 47 0 48 0 49 0 50 0 51 0 51 2 51 3 51 4 51 5 51 6 51 7 51 8 51 9 51 10 51 11 51 12 51 13 51 14 51 15 51 16 51 17 51 18 51 19 51 20 51 21 51 22 51 23 51 24 51 25 51 26 51 27 51 28 51 29 51 30 51 31 51 32 51 33 51 34 51 35 51 36 51 37 51 38 51 39 51 40 51 41 51 42 51 43 51 44 51 45 51 46 51 47 51 48 51 49 51 50 51 50 50 50 49 50 48 50 47 50 46 50 45 50 44 50 43 50 42 50 41 50 40 50 39 50 38 50 37 50 36 50 35 50 34 50 33 50 32 50 31 50 30 50 29 50 28 50 27 50 26 50 25 50 24 50 23 50 22 50 21 50 20 50 19 50 18 50 17 50 16 50 15 50 14 50 13 50 12 50 11 50 10 50 9 50 8 50 7 50 6 50 5 50 4 50 3 50 2 50 1 50 1 50 1 49 1 48 1 47 1 46 1 45 1 44 1 43 1 42 1 41 1 40 1 39 1 38 1 37 1 36 1 35 1 34 1 33 1 32 1 31 1 30 1 29 1 28 1 27 1 26 1 25 1 24 1 23 1 22 1 21 1 20 1 19 1 18 1 17 1 16 1 15 1 14 1 13 1 12 1 11 1 10 1 9 1 8 1 7 1 6 1 5 1 4 1 3 1 2 
200 12 2 0 3 0 4 0 5 0 6 0 7 0 8 0 9 0 10 0 11 0 12 0 13 0 14 0 15 0 16 0 17 0 18 0 19 0 20 0 21 0 22 0 23 0 24 0 25 0 26 0 27 0 28 0 29 0 30 0 31 0 32 0 33 0 34 0 35 0 36 0 37 0 38 0 39 0 40 0 41 0 42 0 43 0 44 0 45 0 46 0 47 0 48 0 49 0 50 0 51 0 52 0 52 3 52 4 52 5 52 6 52 7 52 8 52 9 52 10 52 11 52 12 52 13 52 14 52 15 52 16 52 17 52 18 52 19 52 20 52 21 52 22 52 23 52 24 52 25 52 26 52 27 52 28 52 29 52 30 52 31 52 32 52 33 52 34 52 35 52 36 52 37 52 38 52 39 52 40 52 41 52 42 52 43 52 44 52 45 52 46 52 47 52 48 52 49 52 50 52 51 


52 50 51 50 50 50 49 50 48 50 47 50 46 50 45 50 44 50 43 50 42 50 41 50 40 50 39 50 38 50 
37 50 36 50 35 50 34 50 33 50 32 50 31 50 30 50 29 50 28 50 27 50 26 50 25 50 24 50 23 50
22 50 21 50 20 50 19 50 18 50 17 50 16 50 15 50 14 50 13 50 12 50 11 50 10 50
 9 50 8 50 7 50 6 50 5 50 4 50 3 50 2 50
 2 51 2 50 2 49 2 48 2 47 2 46 2 45 2 44 2 43 2 42 2 41 2 40 2 39 2 38 2 37 2 36 2 35 2 34 2 33 2 32 2 31 2 30 2 29 2 28 2 27 2 26 2 25 2 24 2 23 2 22 2 21 2 20 2 19 2 18 2 17 2 16 2 15 2 14 2 13 2 12 2 11 2 10 2 9 2 8 2 7 2 6 2 5 2 4 2 3 



0
