3 4
1.25 1 3 --> 
1.5  3 5
2.1  3 7
3.6  5 9


3 1
3 1 2


1 7
1 1 2
1 2 3
1 3 4
1 4 5
1 5 6
1 6 7
1 7 8


1 7
1 1 2
1 2 3
1 3 4
1 4 5
2 5 6
1 6 7
1 7 8


2 7
1.5 1 3
2.0 2 4
1.0 4 6
1.3 6 8
2.5 1 5
1.9 4 5
1.1 7 9


2 7
1.5 1 3
2.0 2 4
1.0 4 6
1.3 6 8
2.5 1 5
1.9 4 6
1.1 7 9


0 1
2 1 2


1 0


1 1
5.0 20 24


1 1
5.0 20 25


3 5
3.600000 79 173
0.500000 96 121
8.700000 84 185
6.600000 56 89
6.900000 39 136


3 100
4.000000 3 22
9.500000 18 49
6.600000 86 135
1.900000 44 109
2.900000 29 40
2.900000 66 84
3.500000 61 153
7.700000 82 154
5.700000 29 35
0.500000 93 164
8.400000 32 113
9.900000 27 127
2.000000 92 170
6.300000 10 36
2.600000 39 90
3.500000 68 85
5.100000 2 81
3.900000 79 138
0.300000 36 120
0.300000 41 118
7.400000 24 40
4.700000 23 62
3.700000 42 72
1.300000 5 43
3.200000 31 110
8.100000 65 116
9.400000 15 69
6.800000 53 83
2.300000 56 118
0.700000 58 158
8.300000 32 64
9.200000 78 133
2.600000 14 104
5.300000 27 124
8.900000 59 89
6.400000 39 132
0.700000 32 33
5.200000 99 158
7.600000 22 38
3.500000 28 98
3.400000 11 112
5.800000 2 82
0.300000 28 117
9.000000 80 104
8.100000 68 150
0.300000 32 44
8.900000 39 91
9.000000 90 141
4.300000 65 132
5.200000 100 196
1.800000 34 36
1.500000 91 94
9.000000 93 131
7.800000 82 97
9.300000 63 148
6.600000 66 79
7.800000 55 107
2.100000 44 81
6.300000 87 193
2.500000 38 139
1.500000 56 89
1.500000 70 93
1.700000 60 76
4.500000 38 139
5.300000 30 95
2.800000 96 123
3.500000 73 156
8.000000 94 126
1.400000 56 67
1.300000 81 130
1.100000 95 99
4.300000 10 87
6.400000 26 64
7.800000 71 147
7.400000 23 129
3.400000 50 148
5.800000 84 157
3.700000 63 127
6.000000 77 99
7.000000 89 192
1.800000 100 192
2.000000 42 45
9.300000 6 42
2.500000 83 182
9.400000 57 86
9.200000 90 169
8.600000 48 110
5.300000 85 106
1.400000 45 139
3.000000 15 100
2.600000 32 115
1.700000 52 75
1.700000 44 72
4.400000 68 82
4.100000 61 132
6.000000 53 116
2.900000 39 45
8.200000 92 189
9.800000 5 47
9.000000 34 90


100 1000
2.000000 87 179
6.000000 41 86
1.000000 50 53
6.200000 89 102
4.200000 43 72
5.800000 25 48
0.600000 2 60
2.200000 11 34
1.600000 27 49
6.800000 82 156
7.700000 2 64
6.600000 62 164
0.400000 72 118
0.600000 33 67
1.200000 74 151
3.700000 31 134
5.400000 37 44
1.100000 59 72
3.200000 74 115
5.300000 41 66
2.100000 17 41
7.500000 83 174
7.000000 86 148
1.500000 92 181
4.800000 3 68
2.400000 39 133
2.400000 93 124
2.500000 3 92
3.700000 35 99
7.500000 87 96
9.400000 7 34
1.600000 82 84
9.900000 51 146
5.400000 66 149
4.100000 14 98
0.200000 37 56
9.300000 61 81
2.200000 85 101
0.900000 21 69
7.000000 96 138
7.100000 90 139
8.800000 5 36
8.800000 4 86
7.400000 57 103
5.100000 98 156
3.100000 99 192
5.000000 92 147
6.100000 14 54
7.400000 22 84
2.200000 91 143
5.600000 61 105
9.800000 49 102
2.000000 37 86
9.400000 11 24
3.200000 62 67
8.500000 93 201
7.400000 42 141
2.300000 2 9
5.600000 75 107
1.100000 97 116
6.100000 53 138
9.900000 50 87
4.300000 70 139
8.900000 63 146
9.300000 94 140
9.400000 79 117
9.400000 52 131
8.500000 74 154
9.000000 30 86
1.700000 40 84
3.400000 1 99
1.200000 99 145
4.000000 42 60
0.400000 30 106
7.800000 23 100
1.400000 17 66
4.300000 11 114
1.200000 95 168
8.300000 85 95
2.900000 1 44
7.200000 35 83
6.600000 47 93
1.100000 86 168
2.400000 89 102
9.900000 67 110
6.800000 81 137
1.500000 23 84
1.300000 34 90
8.500000 17 65
8.600000 46 94
2.700000 17 93
6.800000 83 109
0.800000 93 99
8.800000 17 119
9.900000 15 84
3.300000 82 125
8.200000 97 168
4.200000 10 111
9.700000 95 117
3.600000 80 142
7.600000 7 90
5.000000 74 137
7.000000 82 140
7.500000 69 143
6.900000 68 156
2.900000 100 166
6.800000 82 148
3.100000 24 97
2.700000 20 86
3.900000 56 103
9.800000 32 92
7.300000 82 114
3.100000 51 60
8.100000 26 109
4.800000 94 140
2.900000 23 67
9.200000 91 123
5.100000 21 73
2.100000 47 116
8.500000 86 116
2.800000 83 139
7.800000 55 97
0.200000 86 171
0.700000 66 77
8.200000 14 27
2.300000 42 71
6.500000 33 56
8.800000 84 129
3.400000 4 90
10.000000 88 167
2.200000 16 69
7.500000 94 107
0.900000 96 187
9.400000 3 69
0.500000 84 154
0.900000 7 18
3.500000 71 118
5.200000 58 90
8.900000 92 131
7.200000 91 117
4.000000 13 52
9.000000 87 124
9.600000 96 128
8.600000 89 122
4.300000 93 106
1.200000 2 18
2.300000 37 124
6.600000 88 137
9.200000 76 119
2.300000 47 74
4.200000 87 129
7.600000 76 107
0.400000 72 92
2.600000 58 69
5.100000 100 107
5.900000 11 19
7.300000 33 79
5.800000 98 130
10.000000 90 103
3.400000 13 66
5.900000 54 95
9.600000 30 51
2.000000 33 118
3.900000 58 101
4.700000 9 53
4.900000 67 121
5.100000 40 128
9.000000 97 187
1.700000 97 169
1.900000 31 116
6.800000 89 132
0.400000 85 152
1.500000 4 104
9.800000 43 109
3.700000 90 158
7.600000 38 77
2.600000 89 163
0.900000 78 147
9.000000 94 169
6.000000 13 115
4.300000 81 170
8.000000 84 161
4.600000 98 175
4.500000 95 115
0.100000 32 38
6.600000 8 57
9.800000 34 74
6.900000 42 57
3.700000 31 37
0.200000 91 106
9.800000 34 138
8.200000 13 99
5.100000 59 140
2.400000 3 76
4.000000 4 10
4.500000 70 84
8.700000 67 118
1.800000 36 122
2.700000 73 90
2.900000 75 83
4.300000 72 115
3.800000 54 109
1.500000 5 17
9.100000 29 52
6.100000 68 91
6.200000 12 105
7.100000 99 159
1.400000 17 107
9.800000 43 113
1.300000 71 107
1.800000 14 22
5.700000 51 116
0.900000 66 131
1.900000 56 150
3.200000 16 79
4.900000 78 154
3.500000 49 123
8.800000 62 157
7.600000 60 96
3.600000 72 175
7.100000 90 111
7.700000 46 117
3.700000 54 86
0.100000 73 158
9.400000 5 15
5.400000 53 136
2.600000 88 117
9.600000 76 174
8.300000 51 107
1.200000 87 107
1.100000 57 66
2.400000 34 90
8.800000 70 86
1.700000 71 152
0.100000 65 149
0.100000 18 55
7.900000 43 74
0.500000 39 138
9.300000 21 80
4.000000 32 72
5.900000 42 140
6.700000 66 98
2.000000 53 151
2.700000 69 137
0.600000 70 101
9.000000 71 128
2.600000 49 142
5.000000 54 88
4.900000 47 100
9.800000 87 176
3.400000 45 70
2.600000 11 100
5.200000 31 76
4.700000 57 70
1.300000 63 142
4.300000 53 105
9.100000 78 184
8.100000 28 86
0.900000 77 174
5.700000 74 162
3.700000 8 39
5.800000 34 78
4.500000 85 158
8.400000 32 66
9.200000 44 141
7.000000 87 134
1.700000 77 96
1.300000 58 104
6.300000 66 94
5.900000 23 123
4.200000 59 66
6.900000 17 59
0.800000 61 82
7.600000 45 104
0.100000 37 133
8.900000 6 96
2.800000 22 83
4.600000 35 55
9.100000 97 188
1.200000 56 62
0.600000 97 161
0.900000 66 146
4.400000 73 118
6.400000 49 141
1.500000 49 72
1.100000 37 65
9.200000 65 123
5.100000 10 98
6.700000 100 186
4.800000 11 51
5.200000 17 54
1.500000 25 124
9.500000 69 149
3.600000 32 54
2.100000 47 116
4.200000 57 65
6.900000 49 123
1.700000 100 178
10.000000 66 153
7.900000 14 108
1.400000 66 70
4.600000 81 113
4.400000 75 175
1.400000 10 38
3.200000 31 108
9.800000 72 112
0.200000 40 120
6.900000 57 142
4.600000 56 105
2.200000 34 94
0.800000 48 72
1.100000 94 99
3.800000 37 118
3.400000 50 141
6.100000 81 105
3.400000 79 172
6.500000 80 116
4.400000 49 140
2.300000 94 138
6.700000 16 98
2.500000 24 50
4.800000 35 56
5.200000 72 130
3.000000 6 11
1.700000 66 150
3.500000 99 164
2.500000 63 106
5.500000 7 102
4.100000 29 117
8.300000 96 203
5.800000 21 49
8.100000 68 133
9.800000 19 57
5.000000 49 88
5.200000 65 169
3.500000 100 201
9.600000 25 95
3.700000 79 149
2.600000 20 118
0.900000 2 94
0.800000 60 72
3.100000 41 124
8.700000 38 145
1.600000 88 136
4.900000 39 55
4.800000 74 90
4.500000 69 109
0.600000 5 20
7.300000 31 72
6.900000 39 80
6.000000 47 147
7.200000 77 118
5.100000 64 141
5.000000 79 143
9.600000 28 134
0.800000 75 146
1.900000 20 60
5.400000 26 75
6.800000 98 178
0.200000 66 79
3.600000 25 87
3.000000 96 135
6.400000 47 152
3.600000 96 177
9.400000 92 106
9.100000 99 188
6.100000 17 123
9.900000 71 105
4.200000 39 65
1.600000 40 128
2.800000 76 90
8.700000 5 21
2.200000 69 125
2.100000 4 56
9.800000 98 148
0.300000 88 128
8.200000 48 113
8.100000 47 83
0.600000 89 155
2.700000 4 11
1.400000 31 112
2.600000 17 104
3.300000 39 96
8.700000 59 125
3.700000 56 114
7.800000 58 107
1.700000 40 131
7.400000 21 64
0.100000 26 50
6.700000 53 86
7.100000 67 132
5.100000 92 171
3.600000 25 40
9.000000 12 92
4.800000 48 79
0.200000 25 109
4.400000 42 70
3.300000 15 62
6.800000 16 92
9.100000 82 113
1.800000 53 142
7.500000 4 91
4.900000 40 48
6.000000 30 51
3.100000 77 142
5.700000 78 170
4.100000 21 53
6.400000 54 103
0.800000 21 79
7.700000 12 59
9.800000 29 131
8.600000 4 109
6.500000 52 94
6.800000 12 83
8.300000 42 91
4.500000 98 121
3.100000 39 81
5.900000 2 99
0.100000 9 22
5.900000 86 116
9.900000 83 146
9.100000 68 134
8.700000 32 48
2.200000 100 122
8.700000 82 151
2.700000 26 87
4.500000 57 158
8.400000 15 122
7.600000 15 30
8.900000 74 175
1.300000 72 149
6.700000 62 112
2.300000 48 126
3.100000 70 148
5.000000 57 119
1.100000 84 168
7.000000 29 75
6.600000 12 71
6.500000 88 162
7.300000 77 125
6.500000 90 108
4.100000 56 133
8.400000 78 107
5.900000 9 105
3.400000 59 109
9.000000 69 108
7.200000 38 103
1.100000 4 75
6.300000 69 133
3.100000 41 78
7.100000 6 37
8.300000 46 133
5.600000 30 91
7.700000 89 161
6.700000 22 51
1.400000 11 104
4.400000 83 116
0.200000 93 126
7.200000 56 65
3.000000 87 132
6.400000 58 112
8.700000 40 142
6.500000 95 124
2.100000 71 84
8.500000 38 79
0.800000 52 96
9.900000 96 131
2.800000 97 118
6.000000 69 150
6.200000 98 166
0.300000 61 80
5.000000 47 110
4.400000 12 69
6.600000 32 62
7.700000 17 85
0.900000 24 37
5.200000 22 35
7.800000 49 60
9.700000 9 91
7.200000 70 147
3.300000 73 107
5.100000 23 106
0.900000 66 155
6.100000 32 58
8.400000 8 53
4.500000 17 81
5.700000 69 155
6.400000 46 82
6.800000 43 87
4.000000 14 26
1.000000 46 127
4.000000 97 104
1.800000 5 74
0.600000 65 164
2.600000 49 58
6.200000 93 122
2.100000 49 142
0.200000 13 50
3.100000 80 162
6.900000 20 119
7.600000 30 76
5.600000 70 110
5.800000 87 132
2.600000 92 98
2.400000 17 71
3.100000 79 127
5.300000 99 197
4.400000 100 109
8.100000 31 124
6.000000 99 109
5.200000 75 114
9.100000 30 42
2.500000 88 179
6.500000 13 99
6.900000 37 140
2.000000 67 144
6.400000 20 99
5.700000 64 142
6.200000 44 54
4.600000 3 10
5.000000 55 137
8.300000 46 61
8.500000 71 173
7.300000 35 49
5.300000 3 51
4.900000 23 36
2.400000 87 118
9.700000 43 144
7.000000 4 46
7.300000 49 94
7.500000 99 199
5.200000 81 124
5.800000 66 79
5.200000 39 86
5.800000 91 140
0.100000 40 106
0.900000 64 116
3.700000 60 158
2.900000 29 129
6.300000 2 55
0.100000 76 121
9.300000 27 62
3.000000 85 179
3.800000 36 69
7.900000 94 122
2.300000 94 157
8.900000 3 35
4.100000 40 128
3.500000 68 83
3.300000 30 47
8.000000 31 128
2.500000 23 41
5.000000 53 59
4.100000 90 130
7.100000 69 105
9.100000 91 123
5.100000 80 110
7.400000 20 91
5.700000 55 91
6.900000 87 154
8.200000 67 166
7.100000 91 111
8.700000 41 115
8.700000 82 145
2.300000 52 78
5.200000 42 61
7.400000 93 193
9.800000 66 88
6.100000 23 96
9.200000 92 155
5.200000 74 99
4.300000 45 60
5.600000 31 87
2.100000 18 53
7.600000 40 131
9.900000 91 126
1.200000 64 83
0.500000 61 144
1.800000 22 29
8.400000 14 119
3.800000 65 139
5.800000 8 28
6.800000 63 114
1.900000 83 147
5.100000 58 65
3.500000 56 151
6.000000 68 130
7.700000 73 97
6.000000 90 134
6.600000 74 132
6.300000 11 33
3.300000 69 96
4.700000 36 126
9.200000 55 132
5.400000 6 37
5.600000 40 127
4.700000 100 154
0.300000 77 99
1.900000 36 49
5.700000 1 91
0.800000 63 159
2.400000 96 162
4.700000 42 146
3.200000 34 92
10.000000 88 158
2.500000 43 145
0.700000 90 190
5.600000 92 173
7.800000 10 28
8.900000 67 87
7.400000 74 156
7.000000 97 174
3.400000 44 59
3.400000 75 123
8.800000 74 114
4.800000 99 177
4.700000 6 73
4.700000 61 120
2.200000 39 105
3.300000 28 62
4.400000 2 10
1.800000 71 73
8.700000 4 56
9.900000 38 66
4.300000 25 122
7.500000 72 170
4.900000 19 120
1.200000 65 124
6.600000 87 189
3.000000 19 45
6.000000 62 92
6.400000 80 181
6.400000 67 171
0.800000 65 101
2.600000 8 70
1.800000 82 115
0.900000 31 81
0.500000 42 57
6.200000 7 15
5.700000 37 62
8.000000 97 187
0.300000 60 121
9.700000 23 59
9.500000 30 131
3.000000 55 157
9.000000 73 163
2.100000 81 94
7.100000 85 144
8.600000 47 114
8.700000 4 108
0.600000 83 175
8.700000 85 144
4.800000 82 160
7.400000 77 87
6.600000 6 70
6.400000 96 132
4.500000 16 31
5.500000 86 187
0.700000 72 114
6.600000 58 109
6.100000 64 97
5.300000 51 68
0.300000 98 192
7.600000 71 148
7.900000 37 120
3.700000 100 174
6.700000 44 136
7.700000 99 178
7.200000 5 55
1.300000 71 73
5.800000 32 101
8.400000 84 106
9.600000 87 107
8.900000 63 153
5.800000 41 64
3.300000 78 99
0.300000 44 106
8.900000 20 88
6.000000 91 162
0.300000 4 40
0.300000 61 128
6.700000 44 101
8.100000 40 85
9.200000 28 136
7.300000 86 133
9.100000 19 45
0.900000 22 82
7.100000 10 96
3.100000 70 143
9.500000 73 155
3.100000 76 112
9.700000 42 128
4.800000 22 42
8.400000 14 66
8.200000 87 124
2.100000 77 126
3.800000 86 157
9.700000 56 143
7.500000 86 140
4.400000 81 104
1.600000 11 106
4.900000 8 48
2.500000 56 116
4.100000 39 114
8.400000 21 86
1.300000 42 77
5.900000 79 104
2.700000 75 152
0.500000 50 111
5.200000 94 141
7.100000 10 70
6.400000 58 124
10.000000 82 108
5.800000 22 81
2.800000 6 82
8.500000 18 42
1.900000 77 172
3.800000 4 76
1.300000 8 27
7.300000 59 77
1.500000 29 50
6.700000 93 176
2.700000 93 154
4.200000 50 135
9.500000 78 174
6.900000 62 72
8.400000 81 169
7.800000 18 108
4.600000 31 126
6.300000 4 59
7.400000 18 103
9.300000 84 163
7.000000 10 79
2.900000 51 65
1.000000 46 136
9.600000 14 74
9.900000 98 138
7.900000 75 131
6.200000 20 106
5.200000 83 171
0.100000 56 156
7.800000 48 138
4.800000 18 115
0.900000 46 89
2.100000 56 146
0.900000 51 53
6.000000 50 155
9.000000 28 110
3.900000 90 186
1.800000 41 117
0.100000 42 72
10.000000 19 107
8.300000 66 170
7.600000 75 124
1.800000 95 193
0.600000 4 52
0.700000 63 160
0.600000 53 78
7.900000 92 113
7.100000 10 72
4.500000 10 110
7.500000 10 32
5.300000 92 178
4.800000 67 126
8.900000 85 143
8.600000 91 153
3.300000 98 118
2.900000 3 75
5.400000 81 147
6.700000 51 127
2.200000 96 178
1.800000 71 161
3.200000 23 106
1.200000 71 119
6.700000 60 98
1.700000 45 68
7.000000 78 104
8.700000 7 36
5.600000 60 66
1.600000 27 80
8.600000 48 104
6.500000 66 90
5.300000 97 142
3.300000 9 23
7.900000 75 152
1.000000 92 107
3.100000 62 156
5.000000 48 150
7.000000 3 67
7.100000 19 109
2.200000 5 38
7.000000 69 172
8.700000 22 123
2.700000 54 57
3.700000 33 112
0.600000 42 109
2.000000 73 104
1.100000 22 99
0.800000 92 171
6.400000 62 166
4.700000 84 90
7.700000 53 130
7.300000 39 138
6.600000 66 117
6.600000 2 85
4.200000 7 30
0.900000 27 119
3.700000 37 53
1.300000 44 50
9.100000 7 82
8.800000 53 111
9.000000 30 41
5.900000 3 49
5.000000 68 79
9.500000 34 50
7.100000 75 96
9.000000 84 133
8.100000 20 105
9.400000 32 61
9.800000 23 59
6.400000 11 97
1.300000 100 110
1.500000 58 71
5.500000 8 92
6.000000 3 22
6.700000 74 168
8.100000 63 142
2.100000 44 136
9.700000 38 69
1.600000 35 80
4.300000 99 157
2.200000 11 66
3.100000 25 39
4.200000 80 103
2.100000 40 64
3.300000 6 104
2.000000 87 147
9.100000 7 17
8.000000 4 50
0.200000 20 93
4.500000 62 137
9.900000 83 174
5.200000 13 25
6.300000 54 146
8.200000 75 108
0.300000 7 38
9.700000 27 54
5.400000 17 47
5.500000 97 130
9.300000 98 154
6.500000 43 57
3.600000 42 136
1.700000 94 98
2.400000 56 115
0.900000 37 68
3.400000 40 81
6.500000 36 107
8.200000 90 179
0.600000 45 123
3.400000 37 116
8.000000 1 28
8.800000 37 105
7.800000 53 113
8.100000 77 94
3.700000 86 134
6.800000 19 109
0.500000 84 104
6.900000 65 81
5.000000 71 130
2.800000 4 96
0.300000 84 175
2.100000 72 101
8.100000 50 138
3.300000 30 89
4.100000 67 112
8.600000 34 102
7.000000 38 88
9.000000 7 24
9.900000 56 144
5.300000 84 172
4.200000 86 156
3.300000 7 47
6.000000 87 179
4.000000 20 40
9.600000 60 151
3.600000 46 64
9.600000 15 77
3.900000 4 66
4.700000 3 22
2.500000 55 155
0.700000 96 180
7.300000 29 126
1.000000 88 165
9.600000 28 132
1.100000 23 79
9.200000 59 168
0.700000 54 69
5.900000 93 116
1.700000 39 60
3.200000 63 140
2.900000 70 142
1.200000 42 142
0.200000 51 138
7.700000 47 68
7.200000 57 100
2.600000 49 145
2.600000 55 105
4.000000 13 57
5.700000 30 113
7.700000 61 109
5.100000 90 106
2.000000 1 55
1.800000 2 6
0.400000 79 128
1.800000 51 58
5.300000 76 135
4.700000 2 14
9.400000 41 71
3.300000 98 151
1.100000 74 86
5.200000 25 130
6.200000 44 51
1.400000 62 66
1.700000 66 149
6.600000 83 121
7.100000 36 51
2.400000 82 93
3.200000 75 128
5.200000 8 60
0.200000 19 40
1.300000 71 117
1.200000 32 122
1.300000 46 97
1.600000 62 79
9.700000 27 134
2.800000 98 133
3.600000 22 40
4.400000 53 147
9.300000 5 112
4.000000 7 27
6.100000 19 111
0.500000 31 49
9.400000 43 115
4.300000 58 87
5.800000 55 111
5.600000 82 136
8.900000 17 95
0.300000 61 84
9.200000 54 90
8.900000 93 134
0.500000 53 105
9.100000 58 149
0.800000 51 75
7.100000 94 183
9.500000 51 96
4.600000 7 29
9.400000 95 139
6.400000 97 198
8.600000 89 145
1.300000 77 119
4.600000 82 179
9.700000 72 131
7.800000 80 88
0.200000 50 144
8.400000 44 97
1.900000 90 142
3.600000 84 133
7.100000 47 96
6.500000 32 69
1.200000 44 53
5.200000 89 183
4.500000 86 150
9.500000 63 111
9.500000 65 163
8.900000 48 89
3.300000 67 92
8.400000 3 16
2.900000 73 126
7.100000 37 127
0.100000 49 75
0.800000 1 16
9.600000 46 155
5.600000 40 108
9.500000 35 72
8.300000 23 107
1.600000 56 99
3.700000 39 86
4.200000 67 88
9.300000 37 99
7.500000 38 47
0.100000 45 47
1.600000 41 89
1.500000 97 185
7.800000 91 119
0.600000 74 118
8.100000 89 196
2.200000 26 66
6.600000 67 77
8.200000 59 108
3.500000 34 116
0 0
