3 100
4.000000 3 22
9.500000 18 49
6.600000 86 135
1.900000 44 109
2.900000 29 40
2.900000 66 84
3.500000 61 153
7.700000 82 154
5.700000 29 35
0.500000 93 164
8.400000 32 113
9.900000 27 127
2.000000 92 170
6.300000 10 36
2.600000 39 90
3.500000 68 85
5.100000 2 81
3.900000 79 138
0.300000 36 120
0.300000 41 118
7.400000 24 40
4.700000 23 62
3.700000 42 72
1.300000 5 43
3.200000 31 110
8.100000 65 116
9.400000 15 69
6.800000 53 83
2.300000 56 118
0.700000 58 158
8.300000 32 64
9.200000 78 133
2.600000 14 104
5.300000 27 124
8.900000 59 89
6.400000 39 132
0.700000 32 33
5.200000 99 158
7.600000 22 38
3.500000 28 98
3.400000 11 112
5.800000 2 82
0.300000 28 117
9.000000 80 104
8.100000 68 150
0.300000 32 44
8.900000 39 91
9.000000 90 141
4.300000 65 132
5.200000 100 196
1.800000 34 36
1.500000 91 94
9.000000 93 131
7.800000 82 97
9.300000 63 148
6.600000 66 79
7.800000 55 107
2.100000 44 81
6.300000 87 193
2.500000 38 139
1.500000 56 89
1.500000 70 93
1.700000 60 76
4.500000 38 139
5.300000 30 95
2.800000 96 123
3.500000 73 156
8.000000 94 126
1.400000 56 67
1.300000 81 130
1.100000 95 99
4.300000 10 87
6.400000 26 64
7.800000 71 147
7.400000 23 129
3.400000 50 148
5.800000 84 157
3.700000 63 127
6.000000 77 99
7.000000 89 192
1.800000 100 192
2.000000 42 45
9.300000 6 42
2.500000 83 182
9.400000 57 86
9.200000 90 169
8.600000 48 110
5.300000 85 106
1.400000 45 139
3.000000 15 100
2.600000 32 115
1.700000 52 75
1.700000 44 72
4.400000 68 82
4.100000 61 132
6.000000 53 116
2.900000 39 45
8.200000 92 189
9.800000 5 47
9.000000 34 90


0 0
