2 8 37 14
1 1 11
1 60 1
2 33 60 54
6 9 11 4 13 6 15 19
6 9 11 4 13 6 15 19
6 9 11 4 13 6 15 19
6 9 11 4 13 6 15 19
6 9 11 4 13 6 15 19
6 9 11 4 13 6 15 19
6 9 11 4 13 6 15 19
6 9 11 4 13 6 15 19
6 9 11 4 13 6 15 19
6 9 11 4 13 6 15 19
6 9 11 4 13 6 15 19
6 9 11 4 13 6 15 19
6 9 11 4 13 6 15 19
6 9 11 4 13 6 15 19
6 9 11 4 13 6 15 19
6 9 11 4 13 6 15 19
6 9 11 4 13 6 15 19
6 9 11 4 13 6 15 19
6 9 11 4 13 6 15 19
6 9 11 4 13 6 15 19
6 9 11 4 13 6 15 19
6 9 11 4 13 6 15 19
6 9 11 4 13 6 15 19
6 9 11 4 13 6 15 19
6 9 11 4 13 6 15 19
6 9 11 4 13 6 15 19
6 9 11 4 13 6 15 19
6 9 11 4 13 6 15 19
6 9 11 4 13 6 15 19
6 9 11 4 13 6 15 19
6 9 11 4 13 6 15 19
6 9 11 4 13 6 15 19
6 9 11 4 13 6 15 19
6 9 11 4 13 6 15 19
6 9 11 4 13 6 15 19
6 9 11 4 13 6 15 19
6 9 11 4 13 6 15 19
6 9 11 4 13 6 15 19
6 9 11 4 13 6 15 19
6 9 11 4 13 6 15 19
6 9 11 4 13 6 15 19
6 9 11 4 13 6 15 19
6 9 11 4 13 6 15 19
6 9 11 4 13 6 15 19
6 9 11 4 13 6 15 19
6 9 11 4 13 6 15 19
6 9 11 4 13 6 15 19
6 9 11 4 13 6 15 19
6 9 11 4 13 6 15 19
6 9 11 4 13 6 15 19
6 9 11 4 13 6 15 19
6 9 11 4 13 6 15 19
6 9 11 4 13 6 15 19
6 9 11 4 13 6 15 19
6 9 11 4 13 6 15 19
6 9 11 4 13 6 15 19
6 9 11 4 13 6 15 19
6 9 11 4 13 6 15 19
6 9 11 4 13 6 15 19
6 9 11 4 13 6 15 19
6 9 11 4 13 6 15 19
6 9 11 4 13 6 15 19
6 9 11 4 13 6 15 19
6 9 11 4 13 6 15 19
6 9 11 4 13 6 15 19
6 9 11 4 13 6 15 19
6 9 11 4 13 6 15 19
6 9 11 4 13 6 15 19
6 9 11 4 13 6 15 19
6 9 11 4 13 6 15 19
6 9 11 4 13 6 15 19
6 9 11 4 13 6 15 19
6 9 11 4 13 6 15 19
6 9 11 4 13 6 15 19
6 9 11 4 13 6 15 19
6 9 11 4 13 6 15 19
6 9 11 4 13 6 15 19
6 9 11 4 13 6 15 19
0