1234567890123456789012345678901234567890123456789012345678901234567890123456789012345678901234567892 1234567890123456789012345678901234567890123456789012345678901234567890123456789012345678901234567893
1234567890123456789012345678901234567890123456789012345678901234567890123456789012345678901234567892 1234567890123456789012345678901234567890123456789012345678901234567890123456789012345678901234567893
1234567890123456789012345678901234567890123456789012345678901234567890123456789012345678901234567892 1234567890123456789012345678901234567890123456789012345678901234567890123456789012345678901234567893
1234567890123456789012345678901234567890123456789012345678901234567890123456789012345678901234567892 1234567890123456789012345678901234567890123456789012345678901234567890123456789012345678901234567893
1234567890123456789012345678901234567890123456789012345678901234567890123456789012345678901234567892 1234567890123456789012345678901234567890123456789012345678901234567890123456789012345678901234567893
1234567890123456789012345678901234567890123456789012345678901234567890123456789012345678901234567892 1234567890123456789012345678901234567890123456789012345678901234567890123456789012345678901234567893
1234567890123456789012345678901234567890123456789012345678901234567890123456789012345678901234567892 1234567890123456789012345678901234567890123456789012345678901234567890123456789012345678901234567893
1234567890123456789012345678901234567890123456789012345678901234567890123456789012345678901234567892 1234567890123456789012345678901234567890123456789012345678901234567890123456789012345678901234567893
1234567890123456789012345678901234567890123456789012345678901234567890123456789012345678901234567892 1234567890123456789012345678901234567890123456789012345678901234567890123456789012345678901234567893
1234567890123456789012345678901234567890123456789012345678901234567890123456789012345678901234567892 1234567890123456789012345678901234567890123456789012345678901234567890123456789012345678901234567893
1234567890123456789012345678901234567890123456789012345678901234567890123456789012345678901234567892 1234567890123456789012345678901234567890123456789012345678901234567890123456789012345678901234567893
1234567890123456789012345678901234567890123456789012345678901234567890123456789012345678901234567892 1234567890123456789012345678901234567890123456789012345678901234567890123456789012345678901234567893
1234567890123456789012345678901234567890123456789012345678901234567890123456789012345678901234567892 1234567890123456789012345678901234567890123456789012345678901234567890123456789012345678901234567893
1234567890123456789012345678901234567890123456789012345678901234567890123456789012345678901234567892 1234567890123456789012345678901234567890123456789012345678901234567890123456789012345678901234567893
1234567890123456789012345678901234567890123456789012345678901234567890123456789012345678901234567892 1234567890123456789012345678901234567890123456789012345678901234567890123456789012345678901234567893
1234567890123456789012345678901234567890123456789012345678901234567890123456789012345678901234567892 1234567890123456789012345678901234567890123456789012345678901234567890123456789012345678901234567893
1234567890123456789012345678901234567890123456789012345678901234567890123456789012345678901234567892 1234567890123456789012345678901234567890123456789012345678901234567890123456789012345678901234567893
1234567890123456789012345678901234567890123456789012345678901234567890123456789012345678901234567892 1234567890123456789012345678901234567890123456789012345678901234567890123456789012345678901234567893
1234567890123456789012345678901234567890123456789012345678901234567890123456789012345678901234567892 1234567890123456789012345678901234567890123456789012345678901234567890123456789012345678901234567893
1234567890123456789012345678901234567890123456789012345678901234567890123456789012345678901234567892 1234567890123456789012345678901234567890123456789012345678901234567890123456789012345678901234567893
1234567890123456789012345678901234567890123456789012345678901234567890123456789012345678901234567892 1234567890123456789012345678901234567890123456789012345678901234567890123456789012345678901234567893
1234567890123456789012345678901234567890123456789012345678901234567890123456789012345678901234567892 1234567890123456789012345678901234567890123456789012345678901234567890123456789012345678901234567893
1234567890123456789012345678901234567890123456789012345678901234567890123456789012345678901234567892 1234567890123456789012345678901234567890123456789012345678901234567890123456789012345678901234567893
1234567890123456789012345678901234567890123456789012345678901234567890123456789012345678901234567892 1234567890123456789012345678901234567890123456789012345678901234567890123456789012345678901234567893
1234567890123456789012345678901234567890123456789012345678901234567890123456789012345678901234567892 1234567890123456789012345678901234567890123456789012345678901234567890123456789012345678901234567893
1234567890123456789012345678901234567890123456789012345678901234567890123456789012345678901234567892 1234567890123456789012345678901234567890123456789012345678901234567890123456789012345678901234567893
1234567890123456789012345678901234567890123456789012345678901234567890123456789012345678901234567892 1234567890123456789012345678901234567890123456789012345678901234567890123456789012345678901234567893
1234567890123456789012345678901234567890123456789012345678901234567890123456789012345678901234567892 1234567890123456789012345678901234567890123456789012345678901234567890123456789012345678901234567893
1234567890123456789012345678901234567890123456789012345678901234567890123456789012345678901234567892 1234567890123456789012345678901234567890123456789012345678901234567890123456789012345678901234567893
1234567890123456789012345678901234567890123456789012345678901234567890123456789012345678901234567892 1234567890123456789012345678901234567890123456789012345678901234567890123456789012345678901234567893
1234567890123456789012345678901234567890123456789012345678901234567890123456789012345678901234567892 1234567890123456789012345678901234567890123456789012345678901234567890123456789012345678901234567893
1234567890123456789012345678901234567890123456789012345678901234567890123456789012345678901234567892 1234567890123456789012345678901234567890123456789012345678901234567890123456789012345678901234567893
1234567890123456789012345678901234567890123456789012345678901234567890123456789012345678901234567892 1234567890123456789012345678901234567890123456789012345678901234567890123456789012345678901234567893
1234567890123456789012345678901234567890123456789012345678901234567890123456789012345678901234567892 1234567890123456789012345678901234567890123456789012345678901234567890123456789012345678901234567893
1234567890123456789012345678901234567890123456789012345678901234567890123456789012345678901234567892 1234567890123456789012345678901234567890123456789012345678901234567890123456789012345678901234567893
1234567890123456789012345678901234567890123456789012345678901234567890123456789012345678901234567892 1234567890123456789012345678901234567890123456789012345678901234567890123456789012345678901234567893
1234567890123456789012345678901234567890123456789012345678901234567890123456789012345678901234567892 1234567890123456789012345678901234567890123456789012345678901234567890123456789012345678901234567893
1234567890123456789012345678901234567890123456789012345678901234567890123456789012345678901234567892 1234567890123456789012345678901234567890123456789012345678901234567890123456789012345678901234567893
1234567890123456789012345678901234567890123456789012345678901234567890123456789012345678901234567892 1234567890123456789012345678901234567890123456789012345678901234567890123456789012345678901234567893
1234567890123456789012345678901234567890123456789012345678901234567890123456789012345678901234567892 1234567890123456789012345678901234567890123456789012345678901234567890123456789012345678901234567893
1234567890123456789012345678901234567890123456789012345678901234567890123456789012345678901234567892 1234567890123456789012345678901234567890123456789012345678901234567890123456789012345678901234567893
1234567890123456789012345678901234567890123456789012345678901234567890123456789012345678901234567892 1234567890123456789012345678901234567890123456789012345678901234567890123456789012345678901234567893
1234567890123456789012345678901234567890123456789012345678901234567890123456789012345678901234567892 1234567890123456789012345678901234567890123456789012345678901234567890123456789012345678901234567893
1234567890123456789012345678901234567890123456789012345678901234567890123456789012345678901234567892 1234567890123456789012345678901234567890123456789012345678901234567890123456789012345678901234567893
1234567890123456789012345678901234567890123456789012345678901234567890123456789012345678901234567892 1234567890123456789012345678901234567890123456789012345678901234567890123456789012345678901234567893
1234567890123456789012345678901234567890123456789012345678901234567890123456789012345678901234567892 1234567890123456789012345678901234567890123456789012345678901234567890123456789012345678901234567893
1234567890123456789012345678901234567890123456789012345678901234567890123456789012345678901234567892 1234567890123456789012345678901234567890123456789012345678901234567890123456789012345678901234567893
1234567890123456789012345678901234567890123456789012345678901234567890123456789012345678901234567892 1234567890123456789012345678901234567890123456789012345678901234567890123456789012345678901234567893
1234567890123456789012345678901234567890123456789012345678901234567890123456789012345678901234567892 1234567890123456789012345678901234567890123456789012345678901234567890123456789012345678901234567893
1234567890123456789012345678901234567890123456789012345678901234567890123456789012345678901234567892 1234567890123456789012345678901234567890123456789012345678901234567890123456789012345678901234567893
1234567890123456789012345678901234567890123456789012345678901234567890123456789012345678901234567892 1234567890123456789012345678901234567890123456789012345678901234567890123456789012345678901234567893
1234567890123456789012345678901234567890123456789012345678901234567890123456789012345678901234567892 1234567890123456789012345678901234567890123456789012345678901234567890123456789012345678901234567893
1234567890123456789012345678901234567890123456789012345678901234567890123456789012345678901234567892 1234567890123456789012345678901234567890123456789012345678901234567890123456789012345678901234567893
1234567890123456789012345678901234567890123456789012345678901234567890123456789012345678901234567892 1234567890123456789012345678901234567890123456789012345678901234567890123456789012345678901234567893
1234567890123456789012345678901234567890123456789012345678901234567890123456789012345678901234567892 1234567890123456789012345678901234567890123456789012345678901234567890123456789012345678901234567893
1234567890123456789012345678901234567890123456789012345678901234567890123456789012345678901234567892 1234567890123456789012345678901234567890123456789012345678901234567890123456789012345678901234567893
1234567890123456789012345678901234567890123456789012345678901234567890123456789012345678901234567892 1234567890123456789012345678901234567890123456789012345678901234567890123456789012345678901234567893
1234567890123456789012345678901234567890123456789012345678901234567890123456789012345678901234567892 1234567890123456789012345678901234567890123456789012345678901234567890123456789012345678901234567893
1234567890123456789012345678901234567890123456789012345678901234567890123456789012345678901234567892 1234567890123456789012345678901234567890123456789012345678901234567890123456789012345678901234567893
1234567890123456789012345678901234567890123456789012345678901234567890123456789012345678901234567892 1234567890123456789012345678901234567890123456789012345678901234567890123456789012345678901234567893
1234567890123456789012345678901234567890123456789012345678901234567890123456789012345678901234567892 1234567890123456789012345678901234567890123456789012345678901234567890123456789012345678901234567893
1234567890123456789012345678901234567890123456789012345678901234567890123456789012345678901234567892 1234567890123456789012345678901234567890123456789012345678901234567890123456789012345678901234567893
1234567890123456789012345678901234567890123456789012345678901234567890123456789012345678901234567892 1234567890123456789012345678901234567890123456789012345678901234567890123456789012345678901234567893
1234567890123456789012345678901234567890123456789012345678901234567890123456789012345678901234567892 1234567890123456789012345678901234567890123456789012345678901234567890123456789012345678901234567893
1234567890123456789012345678901234567890123456789012345678901234567890123456789012345678901234567892 1234567890123456789012345678901234567890123456789012345678901234567890123456789012345678901234567893
1234567890123456789012345678901234567890123456789012345678901234567890123456789012345678901234567892 1234567890123456789012345678901234567890123456789012345678901234567890123456789012345678901234567893
1234567890123456789012345678901234567890123456789012345678901234567890123456789012345678901234567892 1234567890123456789012345678901234567890123456789012345678901234567890123456789012345678901234567893
1234567890123456789012345678901234567890123456789012345678901234567890123456789012345678901234567892 1234567890123456789012345678901234567890123456789012345678901234567890123456789012345678901234567893
1234567890123456789012345678901234567890123456789012345678901234567890123456789012345678901234567892 1234567890123456789012345678901234567890123456789012345678901234567890123456789012345678901234567893
1234567890123456789012345678901234567890123456789012345678901234567890123456789012345678901234567892 1234567890123456789012345678901234567890123456789012345678901234567890123456789012345678901234567893
1234567890123456789012345678901234567890123456789012345678901234567890123456789012345678901234567892 1234567890123456789012345678901234567890123456789012345678901234567890123456789012345678901234567893
1234567890123456789012345678901234567890123456789012345678901234567890123456789012345678901234567892 1234567890123456789012345678901234567890123456789012345678901234567890123456789012345678901234567893
1234567890123456789012345678901234567890123456789012345678901234567890123456789012345678901234567892 1234567890123456789012345678901234567890123456789012345678901234567890123456789012345678901234567893
1234567890123456789012345678901234567890123456789012345678901234567890123456789012345678901234567892 1234567890123456789012345678901234567890123456789012345678901234567890123456789012345678901234567893
1234567890123456789012345678901234567890123456789012345678901234567890123456789012345678901234567892 1234567890123456789012345678901234567890123456789012345678901234567890123456789012345678901234567893
1234567890123456789012345678901234567890123456789012345678901234567890123456789012345678901234567892 1234567890123456789012345678901234567890123456789012345678901234567890123456789012345678901234567893
1234567890123456789012345678901234567890123456789012345678901234567890123456789012345678901234567892 1234567890123456789012345678901234567890123456789012345678901234567890123456789012345678901234567893
1234567890123456789012345678901234567890123456789012345678901234567890123456789012345678901234567892 1234567890123456789012345678901234567890123456789012345678901234567890123456789012345678901234567893
1234567890123456789012345678901234567890123456789012345678901234567890123456789012345678901234567892 1234567890123456789012345678901234567890123456789012345678901234567890123456789012345678901234567893
1234567890123456789012345678901234567890123456789012345678901234567890123456789012345678901234567892 1234567890123456789012345678901234567890123456789012345678901234567890123456789012345678901234567893
1234567890123456789012345678901234567890123456789012345678901234567890123456789012345678901234567892 1234567890123456789012345678901234567890123456789012345678901234567890123456789012345678901234567893
1234567890123456789012345678901234567890123456789012345678901234567890123456789012345678901234567892 1234567890123456789012345678901234567890123456789012345678901234567890123456789012345678901234567893
1234567890123456789012345678901234567890123456789012345678901234567890123456789012345678901234567892 1234567890123456789012345678901234567890123456789012345678901234567890123456789012345678901234567893
1234567890123456789012345678901234567890123456789012345678901234567890123456789012345678901234567892 1234567890123456789012345678901234567890123456789012345678901234567890123456789012345678901234567893
1234567890123456789012345678901234567890123456789012345678901234567890123456789012345678901234567892 1234567890123456789012345678901234567890123456789012345678901234567890123456789012345678901234567893
1234567890123456789012345678901234567890123456789012345678901234567890123456789012345678901234567892 1234567890123456789012345678901234567890123456789012345678901234567890123456789012345678901234567893
1234567890123456789012345678901234567890123456789012345678901234567890123456789012345678901234567892 1234567890123456789012345678901234567890123456789012345678901234567890123456789012345678901234567893
1234567890123456789012345678901234567890123456789012345678901234567890123456789012345678901234567892 1234567890123456789012345678901234567890123456789012345678901234567890123456789012345678901234567893
1 0
2 0
6 0
0 sdfhjdfsjhdfs2
10 231324
1 sdfjhfhsjddfs2
5 2a32321312321
6 dfhsdfhfsdh2
4 1
4 2
4 3
4 4
9 1
9 2
9 3
9 4
2 1
2 2
2 3
2 4
2 5
2 6
2 7
2 8
2 9
2 10
3 1
3 2
3 3
3 4
3 5
3 6
3 7
3 8
3 9
3 10
7 1
7 2
7 3
7 4
7 5
7 6
7 7
7 8
7 9
7 10
7 11
7 12
8 1
8 2
8 3
8 4
8 5
8 6
8 7
8 8
8 9
8 10
8 11
8 12
1 3
3 1
4 1
5 1
6 1
7 1
8 1
9 1
5 555555555555555
6 6666666666666666
123612783621872178 0
4 378651278653271
4 13278632786321782
312213214 37982139721371
9 127732179321789311
9 1327217862178633217862
1 1000000
0 0