9 16 13 6 
16.222222 8.394495 
506.466667 236.028571 
127.750000 82.933333 
8.650000 13.100000 
30.257732 30.935185 
6.500000 8.100000 
226.125000 35.500000 
88.606061 53.427350 
105.948276 67.800000 
66.600000 69.363636 
303.500000 107.333333 
103.888889 59.470588 
87.600000 81.272727 
43.333333 52.500000 
48.800000 29.611111 
3.300000 4.812500 
16.333333 10.812500 
6.500000 4.437500 
9.444444 9.888889 
221.000000 156.666667 
85.714286 57.250000 
70.500000 107.000000 
100.000000 24.600000 
26.333333 27.555556 
96.250000 56.125000
33 38 17 21 
92.014706 49.404580 
89.269841 37.428571 
203.612245 179.950000 
143.384615 37.859155 
47.546512 27.339869 
80.448718 38.132948 
116.550000 55.570370 
960.222222 525.722222 
105.405797 57.176471 
105.558140 60.522727 
56.657143 34.593496 
2908.000000 113.976190 
79.230769 62.592593 
299.437500 84.964912 
10.868421 9.806452 
33.281250 53.909091 
4.848485 7.251613 
39.898551 38.010309 
99.210526 48.440000 
5.606557 13.815789 
131.253731 76.242188 
169.800000 78.142857 
1453.166667 593.250000 
178.250000 110.750000 
327.050000 82.727273 
40.153061 37.873016 
73.630769 51.740000 
107.033708 91.478261 
6.217391 13.380952 
151.407407 94.088889 
85.520548 57.475410 
246.040000 87.315068 
36.712329 17.591716 
165.500000 92.500000 
4.666667 5.833333 
32.000000 8.400000 
66.000000 33.333333 
66.625000 62.666667 
129.333333 100.000000 
126.000000 84.000000 
33.500000 18.062500 
192.250000 162.000000 
85.000000 39.714286 
96.400000 61.176471 
418.000000 463.500000 
13.750000 13.454545 
227.250000 185.000000 
66.400000 36.052632 
172.250000 110.285714 
541.000000 75.250000 
33.285714 20.312500 
133.666667 62.125000 
118.400000 92.857143 
129.666667 91.200000 
147.500000 82.000000 
33.600000 14.916667 
111.500000 28.000000 
71.222222 77.888889 
99.000000 57.692308 
140.500000 71.000000 
5.300000 5.600000 
13.000000 12.666667 
81.333333 70.375000 
63.250000 30.444444 
27.125000 18.571429 
27.000000 38.375000 
2.333333 2.888889 
66.700000 42.375000 
393.000000 54.375000 
185.400000 71.285714 
31.900000 32.153846