7084506074302692924252012626822
1033030026630244369631675291
3619951474650154597485721676810272389428803048
79650152511394331561635418742521589504975
3773009925270557195432
3946811238971062434151953829143330
233573746728154
565816229655156
7118582174201674444706904775433
67325555177544901681493980636081745410138184794
940265348
243872229320821869037779137685879156698
62755941064934179837337274036081258762188704111
2604098748008030710661448602735805425291211
16327
436506108163181608019342398615
21771483499819191992028467241963
10398760863872983486224260576884833801817394702
2279633238026066
44635700858899548603936
10877632
90167377878
13461492953660325626633672379397833902
49687612394088567716856
6185328535531657817612481
6903646690097342880
607268627984089647259256790
71341080942850451315251278877
10728359258606422937199621602393865620
885203
75662974795397
9269751025007054212051
888729620999860085204268790963782
6653874965567630674
51303040067744041749
5717016082096
18648445887326910092015833
15689646410910944558669080566161659736387598885
322201
32960251003851330138
10539863897919531072222837
28639295393772466341548970373208192
3394241198871488879794437710654784300729528
97966045500472439828488552624522439045
858532181939610362909623262427255
304385417029303504358832
3062784727703194309634880388600307597
220444538037884764
129742710713534178628977751445709674
1726863325221402370116765983926818406750482642082
331816790616456055025408050334547629398582327934436
170042577034953464946295349097266280439
226591985043438979
1091553560151709491
6874217207225132898691200424531
68959881723359738707849
93456700517625897342
38018904104679
6250348506792144547948181128013530796566438874
381322
55843078710627
35845839079433897391
10979206670648008310334
949681773862288858508726337663
7871680
6934324293713
709797523203581655799035428342074963747260528
10647759006219859691448
90518927901876978519504
73749733004898508887676430400860444539839510380468
4609
23123749385703298404420313795605
29523
741547957571001317222940079793479743440298518961
730890062075676311051
5998905084594416236002768098812523526244625289112
105421221204676130757441189092315859
224340929279028681791
9531316247
509193020044023292572024332602212324638654356895045
57003583714968531316744343140
7931986015375960476863429970376661080603431
293989945364244832425427321774813121
48856292876240782534823
3476909089773791655054191659983352
1030639
725051704375
51002856387918647450975048495145547723581374350097
3401985059
54803339164029629724664774481343753188216830
8589725584348354913444458738145296360011465
6391427092591
2455941224
457424553898807278386854717
214984318064182981179488432151383993344273681
111082480124496991914251644445438738007211950579860
385929376024763980291361832813241835782487
933913326609662495738583478075
10847180569765300577854988669510314244413391141190
15
75674725779
55087536640952972633200
74372435053717393599908192614
71140595211
725318029058342056669922617928
82456488483417
9440251578859356582346122186274640886935942
986268525
97946440203081126169159875857333350996
26454
68296331
39996859384395108753222
33996219121706946595317182
8597146118422731912398361644661932
7748044
33803148143779126057
650910957340
455248797499871466619541698959336062832593680948
71775836722875493776958216432494
61064636016885175060803666807255572957
8136919669469415285279934853521336147105
13225745582495990455780425337956278973
5378
49254921027291
622562569003491921397
403787914856518079102796637946476954667042914
1039433159788936523599357619525669
8412921832398543546214
59688495538931
36587
42806659191279020894609944592547740
6544478391799
75847
42429908503879239368447523037968400312272751904851
775498646606036569733715631682491953837610213099185
68231311852157450
524757748955603066579531708151583970847952432
90698
73713850920447441339582086
1782310760469665
317752802000817719151811202087529414694917100
91808902142572326467848450372351754554781
2848202002409002746483028
88711297110512882705999739053124115445278422622892
4158641284625879443157395614737862929069631
202778847133947
86751670849492744211017940244113000178354
5569921263333945309669760665129577
69807251757207395262
58953830781783
79796448477905347445748928016471570334192994
706861
6155156715064118537948505663299506013815613
15020034096573914077890103
97281993999518177688107887019405143434
159977066944062041270677930467424511
590354518779951848781368992406865893
6433455965552368049184364025
2081537006752207809
504561085592795253371235455454047403721292664209736
1161617177844091206352996183764482863582587986229
9616579536371199046061850843253914784
77386627723329527703228631209664514376040302554
567585138539205939338598
10144787474425822114366971256145
2172168
93271404560329151622095713229030
496093763302465009395000259
610537722705019494693900230402905058953123
9698734886918234256238937480820209
34764555399916551357215227440378966434183275130287
1015
64094584761397470777800207410193513
318581898399268288
58028114727100960142
10101795590572784023214535366788
80089651800
1860295550133792791802
701483503574089761896508202026856
26
6682544452260148132
45733395552432697354571785510
9734089154670229112
7758454
3603658839016886025337996673
25027
42
47388199791355266935
31763403853504613514649366
217970843468231045670105946534825723727
330164121922229497942969702431724933577
10131445516955752879396557005
84
7777122483053583476553143393331728452902207
850148991067552113833295319816504638620
96701114418959690573123506
7967346577823922538
55186534612300264
91525819262207737590972124342726198
99818058024773090422068350189170051078990
69098251659
5441352275985886881771
93311005161498735425
10361190138983
13
36871070334883121
33266076596014723
100734747861034200496115
311641061805564425679991
607071482323386303967505186278080707055289739372888
61061910719709626346230367565410748
998229149767026
5673539
33489262466
9757634860238175687511306142
90
75351937070099658339782326707
86512607525536793548639861553431004484439104773229
4329134760273217273584723578971023236822941
3410357215452433364598056397929863098831
6674107764844337409629
59639946935566264641104046138073038155860326144
999695853082087
386854559733381
722893323263248544690341294777469848183
79045011490626766443102106126608824328587742
5008459472566922930296693592916538386345711306
990408203716944473859324
18644685625767048632192677529133919
670518277338162464054783138269838809839
724916673847642973132981092841
54035994280165352668986287481633257948388394
913103289489160916175033544
18180
50740818924216845568012438348500795708590113
87463376719566416686358
2714143238983840168824980064745029
7517918766498078219039979359747290202
1094994696988387271780
435955375
5939328117067916086343692346202315277181
197005011356
2068890024861779890080032148621238319343729899
1820740264762185488873
53611723715909028616836594393735219391984686
918624671297
8364085946335915695973341175243071600296
915420247132476741916208800226167821
250995481352561781791019398149407506066111567856
1070501899139668384340654341299146496578713679
79053211667006123882652625202364
41634910631555855232
751475769060
8683758023500
1421692098779832758707407642864309480809808002
59461211977464016175257367267
7656
4841039695801078256733913539292008402383
961832208033148798
10229161311819448060062624203284
46444797870725721048220
90191622486155034126600727761956267341719524029
745165184846094
345452577939455992158254292217
51158535229364165392317
98089942288133887
843420812349398699562862195992738272573719961
100088284696385870820177660659761979817408037
948
103509227714436326
7062
491361524804
16798451205879
12351697062472874465223343142056281
72371718117753508852367674212
690381091
58183601656045639043723953075117157537625429
102828410917235778585451243985807
3104233506
10588263744987064863
34239774853703532906314312711
40773652157628081293044477878101190
8599277577501431097066747971
986595783252974507695653310483283933603
10124880956022857981015856303334848336
641465
324256
44099242803498773316801245862416047961462711
8004284496865601762341
358949210
447181269037056790302080220462996636954060787
56608816031299418293099597795
532150969110431841335346065
80305513629533796
12137682498985227790072227719519
8441266
454378077095439403
46241693071468898807528072214562186367887143142
104887706129795935863761496700205683575180269
8245075899779891049
15878671460
3593242369257
39890068756481283532
109115242082183100977637785231629532268688897237427
42090514886732280040951674539469
897321200164344406
4714487
4542139783985269625031500
94629104339507018
866093
36948793542748278907915672
539195234959713472862
99905879
324011365436140514686665562361835256385
28945
26506365911179572018948471498902882618101548
5591690396233
2445427335668
4703
56307815040477021296563356546007739631365
531054471154502269376226867124749867504619
3241836528
166978374350
10603522993841569585374313769783944318517014
22241778311709887371725876797105429719
829628628
101946942631867
5614783199407888099788
25
5509
1072772084944834655623436108609738
107
5681249788354790372378
66967141229343523379940997124282890706
10808
45798407
180104522923294808936293
23
80759
101445869280681476315827290498
4562933725
636693245937659998756211354391026685020513408
6936420835598429785737254381386
5004422787
94273050522378383268
308031930914117380104494798166546479784986619577
67249638456221960058558332289969
959480156389469540298542923084
1903006781
664118359203
750164146196353491655785134559166
4288742827653569039802347850626364350742709058271
223082064600166426480100178341415936134
948
3564324434651605978783
487891833300
1045891509588485320529542
4697682232147454439
52817114537216294629855
8015400748831
2675103308149195815
10120861702
117448090804735418007
2901093514811211
213
862591510669
929291672913046173257748250012906845132325639268783
69594608010617332
84279116996444313995798072707195712746535371722122
9173112383351400965418428641089408739069395
5547111427626236120330820445
722689702140966394637
27917452064425595721739568233940663508
10466811760190485287718434069269425
3659452556331328612054
9678015423939564249552860180651510321865181237653
6193704722258453894665470
1067040133057709259633627284984841567770098998113
18350291709
436603696614802937926598901610226
9826985223264553930042
2048266186357320554392041474095599527
4798291698353273919859927814208979728
190255641770722641775195175015
45332126294498655724544053574103869071692
313298912678741225521302575489643962975445419
73338688846586560888076732285462715586680440096
4411478711765394560526340942015
1070169182069473145883335398325302531461
77535161649094524588130586632
817
1020238840898253034342208748865929172076077802426
12204398196891720127955757991709141570400201373308
43
187808820981562184395988416711702682766
84832243
72182233806
36
5785344185437064007829180462636404250670
2314974144668462000584746
4524850991653109
85527523362755309905906362694582234908456721273274
1067129945427683881248981467851
87471667130118698824813151856141098
571001311012836869942090142252849961303
568015876739
10111358832728150420020178068677180245
10413220564587
766426016106542564997320806695222
167683909443128237
7966627
295782462962828462
5536135917646703549268088484208174987490
5405452066666643415
7845844444039
35716394181817984070874230944864567317835916606225
32
10894254001675843194272447699948620265
951336391497860229
18169901368124579300549448680594622542878613
303914673323906510
43807898421783006486010532106232734415
3854617873955251582
860833406944700637623588859534390594
10473010028515860850368901
960773358389629
24125997
4548841740685361277670234703688454549833
23632771630
84154632708154037646
1011083743647912
86646010079836869990486040
81147014617934820626637685281478713414097880494
56330010638977868119731411480128751783748758534
67531874942255022320816792767314187465
913060082525443355015529618093
2447249387531974446
81000392443
573333620473549217928130643186516
9933357
257978663788
8207294655168606
7810881664342316580436109
1826455775781347060347
4283585593759428295030520345019737296765042187906
7178393953142615772445076
181246
7613918344505205541268064899355618919965336
26832978874486511295
28204849677452849649217
90299702543149206241647602753459690560
97361292038393075442700969948243970
3143456506373
10000161309543635866592
39242972194130363
59915411261606622049451894142485588
192783
611362776287348764831812236111
84820218148093871455558971792884388510346
5574288955467474
6538016546182548482484240834791944
886222537075669063204050852998966701
10687553355008240870392273060091550405
1005635897668952455435726496914876539029885803040
63277826737135998912813595019081
61
350000335245160173998909292913420
504741
3734774263
1319439673079586447626293935787438682761260138784
873689
8641414474860987012010587
532035778304971831730953065562976
410988494385
291790440207828601811921336611070172
262481410231073196422356356420759
27360384613122896023678
62508
714796202815257045289177800530273663
3558600302
1504884
761383211866813795957253979755581639263561
2362421993644443118937349194718244608
9836480012223798109367
510180180919611653
995879872
7837047075379250517106074784
71
34200117966801053865482161543694
3624923583724554128241877
55390654356827229876208222422175804
913261018437203401756
2844545154288198205
6771294140420867438
1017729869338209616766
29186645538512618561381554142962
93777430203
5621256183826256076025999223
37821166094379024823446045187515419655457184006
7195555936803178466942413575761671128841
74071810636899448944303638
5487829759075356360959314550835175177064264
89358563526173286995404310957329
66332804624062851414
97152814964510712476892289322928634837
65176179418218
666809849405532067155524155363011723827787331
8957402973428379488816085
100298803745934406233
231867853755243068904
90467612008184191686102528311917255946
483998281868092731272481666724282693621720721014
2150268045209245181511818248
512
52642687
16
3463736
10964925140788407497572
10513
27125827353341483132881
3545888172440813349773
761269599036834026668692933808424760621727
420558337939884
7233600892066909106689278568327440022033450
12254044062030983659852277
728
405368908520059987477112880928200046838811838026
105999179362314318114997270095893483512449872325336
10787497666512549695084929172434802
633291915474069265
24459803727411752053513141168808546456941882967284
860702082900656225166948127312290360790901168880
4612293588823
88525436467247040321642193275568322065831557
6171519053
27144749969849176651
7904016547
58078467077488257763773177951797714
83772421366054522169856145848515883237585100854
101688045884501504853338738713
85085000808260511018372267230722520052032
28122423382728441723998993328
6544781236063249886235116
293476932915141326
685748029400225993028
10321754323182862278483652792174626094
56764962300450737
1083459306390968
959192298715296
62071579081
100705614036129850
6092709609410939105378
913490762755666
36698858955423376826892088746484265040866400958830
518416372958314486444045223055698459106503434
12668183605
22683430561313678298566594875589068301679700
10089057
761
289379974980699
99
52512099372512449549959049929193544745683056
32468376290114245599266
1062510043403999391506941733
290
7540764206615544714
608051172359819673899625271188618
768430802841635
8635354585366330916436757
234629267831328887339
459046737684213772526064071300878874
57435856
4569041681325643321288852110995351557636870534
1920708342
71596233920300205775569751
85961243188400651671360136024494
103359669439694763119124
1647608931449343630709530
849144803602545185440282002
6442044402648785336303815857895369665
164904889137560398145140422287433855433559325
4418091417830714265721177860035779780841535728444
108256934138927097074149823
793731989934264103193367538351212586876880438049
608197825478681369157167798959
6939817081799722516389987086571387270
20379261724
45263163030368007027376292686013561097393531632
4629383239312677280465311629
320271574006348917
578751880374114485961
27425653252049357584
108356074283
2773525265660156105301861735687376620
2681484068221251069345310196399877127744588823
119856186274863840989843
53246480365104943320606816800164708558507347
8327625804062265002208995
18457780664255871018730251252770815505
640197988118049210482
522897165007314414523582004
5606026127799882146383
6165189787869230628548569954082398926004883
88092866823930430672684284884387188484068572
65894054493183711459297
1057739447263438133238940619009944
1070749203633768116388998109343273
3748997226120203094095280812
8753162037418812
9570768148183840383925499899
107895063898908202432955416596410199897206216
164919884222918
4065955877498213052440404633036442059746407458
86112163728023897
352610210660546659934664807897002465706785931816902
409806623727312031928179997819
49202074668311845139966857751705645854410562
763712801858631336182258869343011302892970755188
8816304110662777715864664117214628
3089385924603752320
214558110157148645579393367887
1063647968
6214870669954221120311967636
338665445206283626747278465013457533
197225408125
12580967170559205404136998720231601697326693724264
87
694816367968877394997711196015626238864673650490001
84915719491114102580067128329600013507466
904029829888117658258
540016796693732553541778326807
314123839632
6624980379
230039360774277232691517
57986119315261460887720
31565206927
8888132866466435767892444635804303316
633711259938921397125249542151676
3758449738263155507924345074938433470475291626
492818376352300935335900213052341722551
465595623270171306358899733585813464137474
648264743834570275100595624390
966352195122812119211
10674205507360891764283
666100312189
7611360451747
58940522745896882965322389475312128290
751649544401945226
92236384774349
758594225163619431889263140709307386728557
989031810206446
47864261
216884184137
1945781337125544856224286349639154824
288906662538953169428160416532612704572746531849
1028200838382205921494150683755667
7960264296267593636254
317
7554543689200058928283829252648403079359
6959648842970385803587737443038953919923213441154
5219813245647376495849974615350793
7612278641627596197
2520092788586709607233420582683157466
96816586648383726996164690358143844494358118582
429104796374417274978
3955725055478437590255549380274680454972619472
3327093418510468282944760
1781116586533818912
86545084815683996644410791593965
6934094142992050424822739889756151751165477872
94418814892968775962080749426921565
5885724
715702122126080872230995
8241624083225546929727741260147
14336736
286444363103066237374530887635916752199
8122886179826344232593650474381705
257138176410655248011605918833138841858492
87421244514227010523
79914
1625699823
313236049013676570
3801560444982046406019147932834734882046455689221
2425896136683143973559127912345787496329919526
1549052333656325
422757860032646308350
945720983008
878578196789762463720650633653640417229
1798333162468966423151787871361
30183620066875537064332012168294424706904803556
328053095355569906904829852321703621130
77146356149553638191261545658817653208
13900
43182401775361344021561476987
1062547968753216561682376742621567
1392991543619427560220676084686915416780161
3516230636326465246310678691315686429493245
135072484272965490006628013280
350724328713678091297817850232717901353136696525
7453753258705974
109540019974342889374822692309920895196005
79849996478860212314493902
8328936328404312934157203352689833
865903337641877947340805404350296909
44218697501238520080637658578401044
947860208748940687255723
46313337233385351278236273
883221854313669144428696144519287732919
407276
428526409064267
3659589
218506940993565
62900857527218361312928217795244656841696537373406
99642611357923
7798853126073143350996
11501
10724804646028879414913095303412904415
9967377161232563646672092268338227074982127376630
6774816412704196156999274131758925
67398580221036828765200575389831760649883086
906673093568049191853614597783574233542
209249332305020717493987342986216
2020564
6694313926035477575781043568106587
108523
2699584241051698590557637
1044859668154395
784779797463954390
4905930371058195092989718371487397990149356186887
45268017485117026242277805605534271284042
864782945314430045692073377
42088778163604160364043
3270973
352949768028756904339876156241738943139943939521974
1280745172663294583132627049709728714242420849409
9428720318327
9495769389330051885284
59795063204
828519061014012306998783948164187138136467960110919
1094152229506756002461551862093995420874726
61134502677066485977439
881130743007600479655033230881520943
109231
3128134897449
87575094
559674
861344902078485083953
29568354372
78019418359057
628839519
104436065
1669416324271689174295939411283040191745373433352
1170695809649162272635380915637
658165184826188380918518425
33920768276971589339652403467
25
7787561350265371679195359122179
4904639342915623517762276629632524908932325818361
10357
21004377767573905506545868
968009324693352135253
101406365
219031355940512868021084601966
494925292432167935178152873951422916655910327012
89766063588922315
11
626
55787636424607387
306456663711486
237213659843727025693389290677752794251466730654
5398181297167786840464043
6020673567491383172950666208845267425773634084
42717773414290836778467951551081274141502
2335692
6918869613614888151655908276301
3411127453813815523193377153385638763520022
559684979577842339968623363497803
10350255145668957553989543613844799924630
261828593682427030906
9673259368979376303359529030298477902850949
166591840580
800316287416937
7761510716765938253336310
7208835640979037888370905489715
95630397684509288317329990861376159
40050600650
715364256237805166456728548318
1026
63959489294573941860
507419735438488069473946
189605904513261799399388754622
90790483934271542572602797171364653803398835
2036974211114120766216460340901
166362774188218996335095
474684
125253214016327582032908572379363180421853605375
6107384328033874978198644919665477335769783170567
784649558345712249029712084643234898766
90591028920011421805441820829409
588708940
10262544308480474536484561760262208464895
95094
68116564940186327363864569068515359127711751583
3172
109529236501294571808326270690083968
1175108155063077231057159198778507310345
9315089591182874
8168967407742598668556679717657493402142116567323
592681390977563165507
7519371611739564765461014869055329256549832
8038892624764
64239541206897236350
2150510355110505
292183829554780
93363630062769819029611588158435783266462730621
836269947197542425613277939870536464
4938005
699070620535512797333861999
107676696878831385754517015127339008889667670
10527178871513467569367535214417661378477550
260529016563978397978558147698994969860626215274982
109943635444940848030654371889295189
549195057096228092363163358639106215
129515764758042
377674187141
317332709346057671768332611883296
1922047
791960036181545743274879013252882290403333
5915447318228360180124021274520422188119
22960190303835955517579987810923132
414047074949657128138148092424777173
105854623
8400216045488057896195445111360201424158816824503
428793006667870
446
9403327042497296896654343577235797221
35497
26915581235594219008723948617320924
848375981312310165203812463509213252961294438764206
98046528449796282334
1097451950750926744105192306830709776063
1904381
8570694192943864
616148659307674374960272117272735541639769649
16494621952891094761924892968866638012107517718314
77206614523388119522503476227617
492218931239649
2367606240013949981270584800514242105949140565453
62741141292
980685547797274
9053
37333675078885852321405163568890746215733841
6877113366921801730313662090427817
98194806189574515071593755
68222253834774622095524894
297157592755601596
20355
1186524716483603381
6657787234228203452719665898603
7057959493778734272580438335693498403355
104719169317351
56995437497834528190126
39917258
109604554357721832864682586423210102659
14
108284460041591143685627102023733551919213362698969
733536
9950427548469718179287352689147852097761729812839
995049659918773980871590312263232959914
15
94105182453484822145640553175656196626091
42844
3983500261930621589
1998240287568513745556972100190801935176844815191
99656987
106927212751556947778885742633325137051458623
5931729599937560713314040728072276
606115
1451454007601603501940594755837375642262024184
860500294071020597351615650
86613685617234356637565728284480141612
25828455238295769588158164547
8728924677081138725
89220075664436428898598803697480534533320763
564054862685595177601165487440068665143531
4289055088
956292598557183666016215282
613462854365112427
16012520722483041236884398730760
43717919
3979413792545723020
7559486417818702841869236488887454304168049811
4740
6493874883257753011072816133839390997
47613500804221604247622771760
79470922932354717161145314701762722914217
74358274
68031401709292483026015440467817833193495414675177
9034438239529851015
1012179898798822472
834535265336278549359047
1158440987
50003665360975776146283027018061084
6011933810593275017480760500
754688
816513467127293393118316771659510163
814434857162581897880669171346068603018027
35386387343552608525397698793422172920684
2241228591690779905356277
6634986311808936833622
95558355310928881161975560043
4200005770871079
92623698201856298499968966395296789040180
378876587456634941
48029189262629426275042827
525665906286660
39828025287004638414926666422464
673710999214064491427206630215782355
463079153544184390
100155959404792299124781399
88744080597738329650783451592687564
22351124966043012359
7099986727541052513183733059675076
1057595248310835130065044812988
158455793225252582577
64426324512387878310036
3645340486
913276404113964277
9746202562178300065238560212102208048297434
5450222520422765787970472549083820874327
417504581473056617802743719268
82422072432747328200595078
106093255664807273937058
39948040669986662062092507324357261367335445
115
6
7453
8
3
563
4
64
1
3
53
3
4
66
7
8
49591190625994357645
207388693294786086623737305942334072054
630728726
703798748483753676211951691618250749
766969714390722795587197567528384971064403776
278267574363882188261226841749807745422158439867
103228002288381055727034099985793217020560398426298
236025103898136356816
540424408334
6178470305140743305930274459
97656613866370546099612
91279
4005784942708503184372490934627620128532004876395
102184377759713
10792042
22856907341104874483742211525954259051787028527168
5288595775437029758529906207
1360175025
1012816781666758378206
668340810722669542128007395592260014195190556402
857474
12764024251558640416819776523149315919
757127088496427403148288895737394226024085637477
10182180158
7378696842847695264468219212910457219915319179
97266009240434
814225350662753572050079430176867281016
12479739256254229438015955059889028123048764306241
228375554335574717776442740211375314
99524074645643209605826174607085239869245009540402
248114713010
502597949
3468090194137720021180337407
1965745646808
253788116
41183004179836783503880178
2104515557618516893820
10890260392337705493578838897216007225274439421960
5742320494576
8892196546967020657072396444401013222976792616
91689030906349460792901792974762942046038764630601
13192412088274
502040924
6738830
316220230404105521
95283111063444277590562
34768049597
10
2868
4300812394501
59411200211659442574576707488
858169
427035742197035714010099468529011034711940975649060
4123700103535082314835501113
966491312735270274680635338452480359483656395
6222248503109824
99343492167113767901963294178753610
3948519966737756500644353180482988959
1067517383096750003
4579989787995581654514671194449509697897588
17132705462783128
482591309887156491496881764102492664904805832481743
5151
10296608464481498220922667208727148730778237
66320333701422426332
